   Jan         3.6     3.7    2.25     8.4    -1.0
   Feb         5.9     5.8    2.26    10.9     0.7
   Mar        11.5    11.2    1.89    16.8     5.5
   Apr        18.4    17.7    1.55    23.9    11.5
   May        24.0    23.2    1.59    29.6    16.8
   Jun        29.8    28.8    1.25    35.4    22.3
   Jul        32.2    31.4    1.00    37.8    24.9
   Aug        30.9    30.1    1.39    36.7    23.5
   Sep        26.8    26.1    0.98    32.7    19.4
   Oct        19.5    19.1    1.60    25.2    13.0
   Nov        12.3    12.1    1.65    17.7     6.5
   Dec         5.9     6.0    1.83    10.8     1.2
  Annual      18.4    17.9    1.60    23.8    12.0
 Ann-NCDC     18.4    17.9      NA    23.8    12.0
